 0.00000	10.91228
 0.00010	 7.11708
 0.00020	12.17159
 0.00030	10.58109
 0.00040	15.49839
 0.00050	14.22736
 0.00060	16.97476
 0.00070	15.08648
 0.00080	13.12715
 0.00090	16.09790
 0.00100	13.30679
 0.00110	14.84870
 0.00120	13.17054
 0.00130	11.68167
 0.00140	 9.78424
 0.00150	 8.53140
 0.00160	 6.73463
 0.00170	 6.72672
 0.00180	 2.19499
 0.00190	 0.73315
 0.00200	 0.07752
 0.00210	 3.95438
 0.00220	 1.35102
 0.00230	-0.52696
 0.00240	 2.97860
 0.00250	-3.56580
 0.00260	-0.26045
 0.00270	 8.18970
 0.00280	 6.83023
 0.00290	12.94175
 0.00300	11.60327
 0.00310	 4.90214
 0.00320	 4.14261
 0.00330	 8.12192
 0.00340	 7.07351
 0.00350	 6.19179
 0.00360	 5.95589
 0.00370	 8.14146
 0.00380	 5.08826
 0.00390	 5.13556
 0.00400	 3.69625
 0.00410	 4.74687
 0.00420	 5.31597
 0.00430	 0.62289
 0.00440	 3.46229
 0.00450	 1.59520
 0.00460	 3.20571
 0.00470	 5.17649
 0.00480	 2.70107
 0.00490	 4.52690
 0.00500	 3.88415
 0.00510	 6.50586
 0.00520	 3.90708
 0.00530	 8.61895
 0.00540	 7.45075
 0.00550	 7.81766
 0.00560	 1.97678
 0.00570	 9.93036
 0.00580	 8.17831
 0.00590	 4.10480
 0.00600	 4.67315
 0.00610	11.20380
 0.00620	 4.63235
 0.00630	 2.58370
 0.00640	 3.44370
 0.00650	-0.05027
 0.00660	-0.47528
 0.00670	 2.65458
 0.00680	 1.39168
 0.00690	 1.97876
 0.00700	 4.37689
 0.00710	 3.32196
 0.00720	 1.96742
 0.00730	 0.12062
 0.00740	 4.88143
 0.00750	36.16064
 0.00760	-21.08574
 0.00770	35.85101
 0.00780	-18.71701
 0.00790	10.37901
 0.00800	 8.40157
 0.00810	 8.91040
 0.00820	 4.15299
 0.00830	 6.71767
 0.00840	 4.84070
 0.00850	 1.37881
 0.00860	-0.23580
 0.00870	-3.50010
 0.00880	-6.98817
 0.00890	 2.47437
 0.00900	-7.67864
 0.00910	-10.45036
 0.00920	-8.88985
 0.00930	-5.87146
 0.00940	-5.50401
 0.00950	-4.86307
 0.00960	-5.51768
 0.00970	 1.06852
 0.00980	-5.57232
 0.00990	-0.77447
 0.01000	 3.79286
 0.01010	 7.91441
 0.01020	11.66626
 0.01030	 9.77753
 0.01040	11.70041
 0.01050	17.99130
 0.01060	16.47513
 0.01070	17.43310
 0.01080	19.49831
 0.01090	14.37988
 0.01100	19.47859
 0.01110	12.52987
 0.01120	12.48899
 0.01130	11.12708
 0.01140	12.19980
 0.01150	 6.38371
 0.01160	 8.03686
 0.01170	-0.55437
 0.01180	 2.55379
 0.01190	 0.27533
 0.01200	 2.79975
 0.01210	-1.05262
 0.01220	-2.61883
 0.01230	 0.23113
 0.01240	 1.91931
 0.01250	 4.59554
 0.01260	 4.15319
 0.01270	 5.82002
 0.01280	10.00237
 0.01290	 1.52933
 0.01300	 6.72813
 0.01310	 8.80308
 0.01320	 3.86805
 0.01330	 7.91461
 0.01340	 9.59606
 0.01350	 6.98028
 0.01360	 6.14080
 0.01370	 7.21804
 0.01380	 3.40215
 0.01390	 8.08052
 0.01400	 2.02005
 0.01410	 8.55208
 0.01420	-2.36311
 0.01430	 2.28045
 0.01440	 3.02445
 0.01450	-0.07421
 0.01460	 2.30255
 0.01470	-1.47355
 0.01480	 1.58249
 0.01490	 6.64130
 0.01500	 1.24895
 0.01510	 5.46935
 0.01520	 5.81131
 0.01530	 9.94454
 0.01540	10.39286
 0.01550	 4.85187
 0.01560	 7.37853
 0.01570	 2.44660
 0.01580	-0.37138
 0.01590	 4.25613
 0.01600	34.94886
 0.01610	-23.84019
 0.01620	34.26478
 0.01630	-29.03838
 0.01640	 3.53940
 0.01650	 1.58749
 0.01660	 0.93688
 0.01670	-0.00321
 0.01680	-2.34231
 0.01690	 2.57863
 0.01700	 2.05949
 0.01710	 2.77002
 0.01720	 4.95287
 0.01730	 1.54676
 0.01740	 6.09934
 0.01750	 9.80329
 0.01760	 6.04991
 0.01770	 8.02254
 0.01780	13.74128
 0.01790	 5.87621
 0.01800	 8.44493
 0.01810	 3.98355
 0.01820	 6.50732
 0.01830	 1.38152
 0.01840	 5.42348
 0.01850	-3.34604
 0.01860	 5.87880
 0.01870	-2.88080
 0.01880	 0.90319
 0.01890	-4.06607
 0.01900	-6.56473
 0.01910	-9.74166
 0.01920	-8.25158
 0.01930	-7.27884
 0.01940	-4.05458
 0.01950	-2.99022
 0.01960	 2.40269
 0.01970	-4.93172
 0.01980	 3.90993
 0.01990	 4.31674
 0.02000	 1.69310
 0.02010	11.92413
 0.02020	11.22989
 0.02030	10.53518
 0.02040	16.59524
 0.02050	19.11034
 0.02060	14.35365
 0.02070	18.94697
 0.02080	20.91675
 0.02090	19.68561
 0.02100	11.97991
 0.02110	17.82100
 0.02120	 9.99393
 0.02130	 8.40301
 0.02140	 9.80999
 0.02150	 8.64290
 0.02160	 6.04881
 0.02170	 4.43428
 0.02180	-4.42682
 0.02190	 0.70864
 0.02200	 3.66016
 0.02210	-1.13509
 0.02220	 0.10202
 0.02230	 1.39220
 0.02240	 2.92115
 0.02250	 5.70903
 0.02260	 5.65182
 0.02270	 7.35030
 0.02280	 7.43634
 0.02290	 4.92103
 0.02300	 8.38917
 0.02310	10.52053
 0.02320	 7.52372
 0.02330	 8.53594
 0.02340	 7.67260
 0.02350	 8.50563
 0.02360	 6.33337
 0.02370	 5.39066
 0.02380	 4.11519
 0.02390	 3.60163
 0.02400	 4.45476
 0.02410	 0.22118
 0.02420	 3.98270
 0.02430	-1.20169
 0.02440	 1.51922
 0.02450	 5.78599
 0.02460	 1.71721
 0.02470	 2.66395
 0.02480	 4.05454
 0.02490	 8.08619
 0.02500	 1.77467
 0.02510	 7.82870
 0.02520	 3.83822
 0.02530	 4.36524
 0.02540	 2.76958
 0.02550	11.24616
 0.02560	 9.00606
 0.02570	10.09573
 0.02580	 7.35834
 0.02590	 2.63674
 0.02600	 9.15358
 0.02610	 3.67599
 0.02620	 8.21889
 0.02630	 5.59666
 0.02640	-2.09607
 0.02650	-1.86897
 0.02660	 0.82267
 0.02670	 1.46995
 0.02680	 1.55856
 0.02690	-3.81600
 0.02700	 2.46710
 0.02710	 7.54465
 0.02720	 7.44257
 0.02730	 3.81828
 0.02740	11.20509
 0.02750	10.22339
 0.02760	 8.40436
 0.02770	 5.37891
 0.02780	 8.97369
 0.02790	 8.69342
 0.02800	40.45314
 0.02810	-21.64686
 0.02820	38.95786
 0.02830	-22.35032
 0.02840	 7.48242
 0.02850	 5.73290
 0.02860	-4.42827
 0.02870	 3.37478
 0.02880	-6.15948
 0.02890	-7.30650
 0.02900	-1.35172
 0.02910	-5.55044
 0.02920	-5.72619
 0.02930	-2.78684
 0.02940	-4.49654
 0.02950	-7.60341
 0.02960	-0.46266
 0.02970	-2.31725
 0.02980	-1.87483
 0.02990	 2.23985
 0.03000	 3.79515
 0.03010	 6.65493
 0.03020	 4.63795
 0.03030	13.83399
 0.03040	14.50949
 0.03050	16.41352
 0.03060	15.44558
 0.03070	15.40400
 0.03080	12.85432
 0.03090	17.89632
 0.03100	12.69802
 0.03110	12.12360
 0.03120	15.62205
 0.03130	16.70846
 0.03140	10.73165
 0.03150	 6.52313
 0.03160	 4.55547
 0.03170	 3.19213
 0.03180	-1.35846
 0.03190	 1.40112
 0.03200	 0.66131
 0.03210	 1.74890
 0.03220	-3.16932
 0.03230	 1.72461
 0.03240	-2.66638
 0.03250	 2.07823
 0.03260	 3.53601
 0.03270	 1.68583
 0.03280	 8.32556
 0.03290	 7.05848
 0.03300	 9.41380
 0.03310	11.64406
 0.03320	 7.37002
 0.03330	10.88010
 0.03340	 6.91243
 0.03350	 9.78755
 0.03360	 4.61410
 0.03370	 7.58927
 0.03380	 3.87468
 0.03390	 6.53788
 0.03400	 5.36790
 0.03410	 4.90483
 0.03420	 6.91287
 0.03430	 4.95571
 0.03440	 1.16970
 0.03450	 5.23590
 0.03460	-0.70331
 0.03470	-0.07394
 0.03480	-0.48523
 0.03490	 6.14175
 0.03500	 6.71728
 0.03510	 9.58948
 0.03520	 5.89619
 0.03530	10.64114
 0.03540	 3.79602
 0.03550	10.03810
 0.03560	 9.87062
 0.03570	 3.36867
 0.03580	 9.16031
 0.03590	 8.06631
 0.03600	 4.39260
 0.03610	 4.14879
 0.03620	 6.63742
 0.03630	 0.84268
 0.03640	 1.37505
 0.03650	 2.88709
 0.03660	 1.15766
 0.03670	-1.08445
 0.03680	 2.21437
 0.03690	-1.41572
 0.03700	-0.13266
 0.03710	 2.81705
 0.03720	 3.29246
 0.03730	 5.91908
 0.03740	 2.63577
 0.03750	 4.20588
 0.03760	 8.87952
 0.03770	10.64994
 0.03780	 6.99854
 0.03790	 7.55689
 0.03800	 8.95990
 0.03810	 7.85305
 0.03820	 9.16568
 0.03830	 7.18071
 0.03840	 0.84287
 0.03850	 3.25851
 0.03860	-1.05038
 0.03870	 1.23527
 0.03880	-4.94373
 0.03890	-5.14136
 0.03900	-4.74436
 0.03910	-4.84596
 0.03920	-8.99401
 0.03930	-5.25223
 0.03940	-9.89945
 0.03950	 0.39831
 0.03960	-2.75960
 0.03970	 2.43374
 0.03980	 0.32468
 0.03990	-0.57668
 0.04000	 7.05525
 0.04010	 9.99233
 0.04020	 7.07053
 0.04030	 9.68301
 0.04040	16.57673
 0.04050	10.68072
 0.04060	18.66785
 0.04070	15.57270
 0.04080	15.84258
 0.04090	15.31032
 0.04100	11.97085
 0.04110	12.53445
 0.04120	13.59973
 0.04130	10.47625
 0.04140	11.41722
 0.04150	 7.93147
 0.04160	 5.98456
 0.04170	 6.68435
 0.04180	 3.35264
 0.04190	 3.09303
 0.04200	 5.52528
 0.04210	 3.77057
 0.04220	 3.30703
 0.04230	 2.06692
 0.04240	 2.81801
 0.04250	 3.10640
 0.04260	-1.59393
 0.04270	 6.52094
 0.04280	 5.88233
 0.04290	 6.17824
 0.04300	 6.85116
 0.04310	 4.62141
 0.04320	 9.35659
 0.04330	12.64118
 0.04340	 8.65605
 0.04350	38.75297
 0.04360	-25.22108
 0.04370	35.59098
 0.04380	-21.08888
 0.04390	 5.51389
 0.04400	 6.69036
 0.04410	 2.74697
 0.04420	 0.26437
 0.04430	 1.63182
 0.04440	-0.21058
 0.04450	 1.49039
 0.04460	 2.39165
 0.04470	-0.11625
 0.04480	-1.46375
 0.04490	 2.42599
 0.04500	 5.16059
 0.04510	 8.94416
 0.04520	 8.54865
 0.04530	 6.61272
 0.04540	 8.86246
 0.04550	 8.42790
 0.04560	12.06898
 0.04570	 5.52106
 0.04580	 7.55098
 0.04590	 5.76832
 0.04600	 4.47158
 0.04610	 6.17626
 0.04620	 5.93994
 0.04630	 3.79526
 0.04640	 0.57718
 0.04650	 4.73665
 0.04660	-2.66480
 0.04670	-2.07491
 0.04680	-3.05816
 0.04690	 3.31066
 0.04700	 6.26661
 0.04710	 3.20824
 0.04720	 3.61703
 0.04730	 4.70562
 0.04740	 8.59819
 0.04750	 8.17569
 0.04760	 4.72373
 0.04770	11.78114
 0.04780	 7.72569
 0.04790	16.14168
 0.04800	 6.15268
 0.04810	 3.91490
 0.04820	 7.57945
 0.04830	 4.47889
 0.04840	 7.08508
 0.04850	 1.82568
 0.04860	 5.61949
 0.04870	-2.71382
 0.04880	-4.06498
 0.04890	-7.03840
 0.04900	-8.28732
 0.04910	-6.21688
 0.04920	-2.76739
 0.04930	-7.08486
 0.04940	-7.01486
 0.04950	-7.33489
 0.04960	-0.55527
 0.04970	-2.90540
 0.04980	-0.14620
 0.04990	 3.91971
 0.05000	 5.65833
 0.05010	 5.01374
 0.05020	11.44275
 0.05030	12.19438
 0.05040	16.00378
 0.05050	14.91092
 0.05060	17.53596
 0.05070	20.11973
 0.05080	17.93331
 0.05090	14.61836
 0.05100	47.60101
 0.05110	-12.63291
 0.05120	42.43726
 0.05130	-20.84105
 0.05140	10.59121
 0.05150	11.13478
 0.05160	 5.13621
 0.05170	 1.40231
 0.05180	 1.20914
 0.05190	 5.15436
 0.05200	-1.28624
 0.05210	 2.96577
 0.05220	 2.73074
 0.05230	-0.01790
 0.05240	-0.57073
 0.05250	 4.39295
 0.05260	 4.07826
 0.05270	 6.19822
 0.05280	 3.72286
 0.05290	10.23359
 0.05300	 9.00590
 0.05310	 6.91601
 0.05320	 5.50123
 0.05330	 9.26946
 0.05340	 8.54529
 0.05350	 8.70355
 0.05360	10.67788
 0.05370	 7.53820
 0.05380	10.50543
 0.05390	 4.32917
 0.05400	 2.44874
 0.05410	-0.37389
 0.05420	 2.69226
 0.05430	-2.02979
 0.05440	 2.75020
 0.05450	 1.10044
 0.05460	 4.58826
 0.05470	 2.35853
 0.05480	 4.01159
 0.05490	 6.15155
 0.05500	 5.10190
 0.05510	 6.85310
 0.05520	 7.87115
 0.05530	 8.99809
 0.05540	 6.30465
 0.05550	 6.73537
 0.05560	 8.42692
 0.05570	10.15690
 0.05580	 7.59741
 0.05590	 7.59810
 0.05600	 2.83394
 0.05610	-1.85166
 0.05620	 7.86845
 0.05630	 2.18677
 0.05640	 1.82493
 0.05650	 4.13585
 0.05660	 2.03975
 0.05670	 2.34025
 0.05680	-0.35021
 0.05690	-4.06288
 0.05700	 1.35157
 0.05710	-2.19591
 0.05720	 0.93837
 0.05730	 5.67745
 0.05740	 7.57673
 0.05750	 9.26314
 0.05760	11.42277
 0.05770	 9.72895
 0.05780	 8.50674
 0.05790	14.88898
 0.05800	 8.20788
 0.05810	 4.26639
 0.05820	 8.57084
 0.05830	 7.07597
 0.05840	 3.04706
 0.05850	 2.40433
 0.05860	-0.12525
 0.05870	 2.94579
 0.05880	-6.33120
 0.05890	-3.03759
 0.05900	-8.29434
 0.05910	-6.92282
 0.05920	-8.37899
 0.05930	-6.79744
 0.05940	-0.84502
 0.05950	-7.58114
 0.05960	-4.49297
 0.05970	-4.58916
 0.05980	-0.19326
 0.05990	 1.25264
 0.06000	 8.40586
 0.06010	 7.24793
 0.06020	 9.88908
 0.06030	12.28464
 0.06040	17.82797
 0.06050	11.83350
 0.06060	17.48115
 0.06070	23.28446
 0.06080	15.97695
 0.06090	14.79730
 0.06100	19.55599
 0.06110	15.20962
 0.06120	14.57673
 0.06130	11.08465
 0.06140	 8.03277
 0.06150	 9.88429
 0.06160	 1.66944
 0.06170	 3.59298
 0.06180	 2.41847
 0.06190	 0.75276
 0.06200	32.37005
 0.06210	-26.38120
 0.06220	31.04558
 0.06230	-22.75281
 0.06240	 2.15398
 0.06250	 2.69574
 0.06260	 4.48614
 0.06270	 2.39619
 0.06280	 1.96890
 0.06290	12.62217
 0.06300	10.90751
 0.06310	14.55932
 0.06320	 8.91370
 0.06330	 9.84629
 0.06340	10.73047
 0.06350	 7.82451
 0.06360	 9.25021
 0.06370	 5.93598
 0.06380	 6.32936
 0.06390	 6.95508
 0.06400	 0.53529
 0.06410	-3.32276
 0.06420	-1.85975
 0.06430	-0.63085
 0.06440	-0.39359
 0.06450	-1.19226
 0.06460	 6.95044
 0.06470	 1.51333
 0.06480	 2.88545
 0.06490	 2.95616
 0.06500	 6.84292
 0.06510	 8.25504
 0.06520	 5.63769
 0.06530	13.42997
 0.06540	 5.50411
 0.06550	 7.25141
 0.06560	 5.63875
 0.06570	13.46510
 0.06580	 2.93225
 0.06590	 3.61906
 0.06600	 5.98667
 0.06610	 2.89720
 0.06620	 1.58731
 0.06630	 2.11380
 0.06640	 7.61191
 0.06650	 1.95044
 0.06660	 4.99693
 0.06670	 1.83053
 0.06680	 1.06074
 0.06690	-1.80800
 0.06700	 1.99308
 0.06710	 2.89913
 0.06720	 6.49395
 0.06730	 5.25845
 0.06740	 3.67545
 0.06750	 7.31479
 0.06760	14.04887
 0.06770	10.29054
 0.06780	12.65990
 0.06790	 6.95512
 0.06800	40.83394
 0.06810	-22.80849
 0.06820	39.81573
 0.06830	-20.78344
 0.06840	 0.43672
 0.06850	 3.29038
 0.06860	 4.05127
 0.06870	-1.04766
 0.06880	-2.53460
 0.06890	-5.19681
 0.06900	-7.24413
 0.06910	-3.84242
 0.06920	-9.37617
 0.06930	-8.73030
 0.06940	-9.48077
 0.06950	-3.18111
 0.06960	-0.50708
 0.06970	 0.48907
 0.06980	-5.73693
 0.06990	-3.36290
 0.07000	 7.43909
 0.07010	 5.73977
 0.07020	12.24277
 0.07030	11.26970
 0.07040	13.56781
 0.07050	11.54824
 0.07060	15.34211
 0.07070	14.09233
 0.07080	16.95518
 0.07090	17.85545
 0.07100	23.17354
 0.07110	17.87078
 0.07120	17.97958
 0.07130	 9.29644
 0.07140	10.10881
 0.07150	 5.23134
 0.07160	 3.05549
 0.07170	 6.48496
 0.07180	 4.85057
 0.07190	 4.75220
 0.07200	-0.04344
 0.07210	 2.53167
 0.07220	 1.97749
 0.07230	 5.78973
 0.07240	 2.74426
 0.07250	 4.51412
 0.07260	 1.21332
 0.07270	 2.90225
 0.07280	 7.18279
 0.07290	 7.18807
 0.07300	13.91143
 0.07310	 9.95560
 0.07320	 4.99783
 0.07330	 7.43901
 0.07340	 5.79357
 0.07350	 9.24320
 0.07360	 6.57283
 0.07370	 8.86645
 0.07380	 1.25620
 0.07390	 5.14391
 0.07400	 6.51561
 0.07410	 5.31449
 0.07420	 3.72993
 0.07430	 2.81173
 0.07440	 2.79995
 0.07450	-1.51822
 0.07460	-0.05614
 0.07470	 3.64090
 0.07480	 6.47257
 0.07490	 5.79738
 0.07500	 4.84525
 0.07510	 7.48441
 0.07520	10.56642
 0.07530	 5.68770
 0.07540	 3.78202
 0.07550	 8.67912
 0.07560	 4.61252
 0.07570	 5.51935
 0.07580	 8.13894
 0.07590	10.01206
 0.07600	 6.32208
 0.07610	 8.13723
 0.07620	 1.93901
 0.07630	 0.66806
 0.07640	 5.97084
 0.07650	-1.55584
 0.07660	 2.60818
 0.07670	 3.94324
 0.07680	 5.48782
 0.07690	-0.22396
 0.07700	 3.31801
 0.07710	 1.63852
 0.07720	 3.29140
 0.07730	 7.84404
 0.07740	 8.62851
 0.07750	 6.98993
 0.07760	 9.42472
 0.07770	 8.35145
 0.07780	10.72937
 0.07790	 6.84317
 0.07800	 8.09426
 0.07810	 7.36094
 0.07820	 2.77442
 0.07830	 6.94055
 0.07840	 4.20756
 0.07850	 0.51709
 0.07860	-1.27059
 0.07870	 1.71770
 0.07880	-3.51730
 0.07890	-6.35386
 0.07900	-2.88734
 0.07910	-3.21987
 0.07920	-6.05613
 0.07930	-7.07918
 0.07940	-0.89406
 0.07950	-4.86141
 0.07960	 0.49562
 0.07970	-5.75601
 0.07980	 1.78132
 0.07990	 8.15849
 0.08000	 9.80139
 0.08010	 9.30260
 0.08020	13.12772
 0.08030	18.83264
 0.08040	17.39417
 0.08050	18.93784
 0.08060	19.03044
 0.08070	17.34936
 0.08080	14.70438
 0.08090	16.33543
 0.08100	13.99771
 0.08110	14.48562
 0.08120	13.19709
 0.08130	 8.03028
 0.08140	10.01440
 0.08150	10.58942
 0.08160	 7.49435
 0.08170	 2.92359
 0.08180	 1.08629
 0.08190	 5.12437
 0.08200	35.62231
 0.08210	-27.18167
 0.08220	31.10185
 0.08230	-26.17416
 0.08240	-1.29979
 0.08250	 5.85714
 0.08260	 4.26086
 0.08270	 5.53754
 0.08280	 4.38847
 0.08290	 7.45524
 0.08300	 9.85262
 0.08310	11.72619
 0.08320	 9.99898
 0.08330	 7.67123
 0.08340	 7.05640
 0.08350	 8.06305
 0.08360	10.20209
 0.08370	 5.46931
 0.08380	 3.88254
 0.08390	 3.31937
 0.08400	 5.69975
 0.08410	 4.34124
 0.08420	 0.39754
 0.08430	 1.48224
 0.08440	 4.33079
 0.08450	 2.94763
 0.08460	 2.00026
 0.08470	-0.91383
 0.08480	 3.05086
 0.08490	 8.23043
 0.08500	30.53918
 0.08510	-26.97644
 0.08520	35.74809
 0.08530	-25.64357
 0.08540	 7.86826
 0.08550	 3.81727
 0.08560	12.32035
 0.08570	10.11140
 0.08580	 6.87901
 0.08590	 7.48799
 0.08600	 4.85596
 0.08610	 4.69412
 0.08620	 0.55141
 0.08630	 2.66049
 0.08640	 4.59081
 0.08650	 0.61416
 0.08660	-3.01782
 0.08670	-0.38516
 0.08680	 3.87300
 0.08690	 3.61799
 0.08700	 2.70257
 0.08710	 2.97955
 0.08720	 5.84812
 0.08730	 4.36793
 0.08740	 3.94724
 0.08750	 6.76659
 0.08760	 6.03600
 0.08770	 8.26645
 0.08780	 9.59168
 0.08790	 8.98338
 0.08800	 8.47770
 0.08810	 7.33275
 0.08820	 7.58256
 0.08830	 4.85475
 0.08840	 0.66887
 0.08850	-1.97002
 0.08860	 0.81277
 0.08870	-2.78375
 0.08880	-6.83094
 0.08890	-7.61811
 0.08900	-0.24951
 0.08910	-6.98579
 0.08920	-8.76789
 0.08930	-4.48377
 0.08940	-7.29186
 0.08950	-7.73938
 0.08960	-4.61613
 0.08970	 0.91998
 0.08980	-5.34514
 0.08990	 2.68537
 0.09000	 2.62496
 0.09010	 6.79940
 0.09020	11.26464
 0.09030	11.21239
 0.09040	14.33623
 0.09050	18.81102
 0.09060	17.88676
 0.09070	19.18317
 0.09080	16.41299
 0.09090	15.37746
 0.09100	17.37403
 0.09110	12.03739
 0.09120	12.70989
 0.09130	12.98057
 0.09140	13.20742
 0.09150	 7.74006
 0.09160	 6.41654
 0.09170	 3.51674
 0.09180	 4.15235
 0.09190	 2.37722
 0.09200	 3.25023
 0.09210	 2.37980
 0.09220	 0.04706
 0.09230	 2.36295
 0.09240	-0.37969
 0.09250	 2.80078
 0.09260	 1.11286
 0.09270	 3.32974
 0.09280	 2.46776
 0.09290	 7.35894
 0.09300	 8.50068
 0.09310	 4.57450
 0.09320	 4.80959
 0.09330	 7.33381
 0.09340	 5.71993
 0.09350	10.36177
 0.09360	10.78937
 0.09370	 7.67702
 0.09380	-1.35849
 0.09390	 9.76820
 0.09400	 3.17519
 0.09410	 0.21855
 0.09420	 1.66046
 0.09430	 3.43236
 0.09440	 0.09515
 0.09450	 3.10965
 0.09460	 3.98441
 0.09470	 3.89359
 0.09480	 5.03183
 0.09490	 5.39536
 0.09500	 4.62993
 0.09510	 7.32723
 0.09520	10.93873
 0.09530	 8.55195
 0.09540	 8.99276
 0.09550	 5.84304
 0.09560	 9.18218
 0.09570	 4.52668
 0.09580	 8.25958
 0.09590	12.51114
 0.09600	 7.66071
 0.09610	 4.28883
 0.09620	 5.22574
 0.09630	 1.38921
 0.09640	 0.44541
 0.09650	-1.37116
 0.09660	 0.79959
 0.09670	 0.22158
 0.09680	 0.02554
 0.09690	 4.62457
 0.09700	 1.53985
 0.09710	 2.70513
 0.09720	 0.09107
 0.09730	 5.10562
 0.09740	 2.80431
 0.09750	 6.25990
 0.09760	11.47721
 0.09770	 8.42941
 0.09780	 6.38881
 0.09790	 4.38047
 0.09800	 8.32534
 0.09810	 8.37733
 0.09820	 3.55142
 0.09830	 5.93779
 0.09840	 3.03820
 0.09850	 3.87896
 0.09860	 4.54018
 0.09870	 4.00968
 0.09880	-3.02196
 0.09890	-5.53641
 0.09900	 0.10186
 0.09910	-8.58518
 0.09920	-11.37720
 0.09930	-4.68144
 0.09940	-5.62107
 0.09950	-7.19508
 0.09960	-5.08146
 0.09970	-1.52174
 0.09980	 0.81996
 0.09990	 1.34804
